{"keys": "['LQCD_a0', 'LQCD_a1', 'LQCD_a2', 'LQCD_b0', 'LQCD_b1', 'LQCD_b2', 'LQCD_c1', 'LQCD_c2', 'LQCD_d0', 'LQCD_d1', 'LQCD_d2', 'LQCD_RDst', 'LQCDEXP_a0', 'LQCDEXP_a1', 'LQCDEXP_a2', 'LQCDEXP_b0', 'LQCDEXP_b1', 'LQCDEXP_b2', 'LQCDEXP_c1', 'LQCDEXP_c2', 'LQCDEXP_c3', 'LQCDEXP_d0', 'LQCDEXP_d1', 'LQCDEXP_d2', 'LQCDEXP_eVcb', 'LQCDEXP_RDst']", "layouts": [[0, []], [1, []], [2, []], [3, []], [4, []], [5, []], [6, []], [7, []], [8, []], [9, []], [10, []], [11, []], [12, []], [13, []], [14, []], [15, []], [16, []], [17, []], [18, []], [19, []], [20, []], [21, []], [22, []], [23, []], [24, []], [25, []]], "bufsize": 26, "fix_cov": true, "means": [0.03303196107693996, -0.15520408224780918, -0.12286241446364907, 0.012291564583407192, -0.0031906012905794927, 0.06767236123957467, -0.005778927816561232, -0.01260667388828356, 0.05085777208687336, -0.32656872776460616, -0.026720175658689, 0.26514768681059586, 0.032009521735074944, -0.14782198102094327, -0.6041478881478175, 0.012463442044153884, 0.0037741046216444953, 0.022003073116065513, 8.265158484521244e-05, 0.08003077380515565, -1.1098151686151272, 0.05262859023348287, -0.19388171180946112, -0.004191098433190411, 0.0014939967608673748, 0.24826542451626848], "bcovs": [[[], [], [], []], [[0, 1, 2, 3, 4, 5, 6, 7, 8, 9, 10, 11, 12, 13, 14, 15, 16, 17, 18, 19, 20, 21, 22, 23, 24, 25], [[1.4494780644042699e-06, -1.2785059207032505e-05, 2.4436149034214522e-05, 3.475625348005983e-08, -2.378240032481599e-07, -7.34965112499954e-06, 2.1871933063964365e-07, -2.471263436581235e-06, 6.751012319447912e-07, -7.725125426850555e-06, 4.0491699581621287e-07, -3.949766189796259e-08, 0.0, 0.0, 0.0, 0.0, 0.0, 0.0, 0.0, 0.0, 0.0, 0.0, 0.0, 0.0, 0.0, 0.0], [-1.2785059207032505e-05, 0.0030057543802643324, -0.015175712163865398, -6.125442389268854e-07, 0.0001588653042045382, 0.005016059339028628, 2.3395435399898016e-05, 0.0008810681200713301, -4.794718494033531e-06, 0.0015466581617121192, 0.0016958022029400534, -0.00024230306347084547, 0.0, 0.0, 0.0, 0.0, 0.0, 0.0, 0.0, 0.0, 0.0, 0.0, 0.0, 0.0, 0.0, 0.0], [2.4436149034214522e-05, -0.015175712163865398, 0.9664900874733057, 1.2253287864004898e-06, -7.50280885818333e-05, 0.005147514277104932, -4.979115356310122e-06, -4.2269029442451676e-05, 9.331769511752857e-06, -0.00039330381200858983, 0.00844874207912745, -0.0005347174022320509, 0.0, 0.0, 0.0, 0.0, 0.0, 0.0, 0.0, 0.0, 0.0, 0.0, 0.0, 0.0, 0.0, 0.0], [3.475625348005983e-08, -6.125442389268854e-07, 1.2253287864004898e-06, 5.170610653214009e-08, -4.761823668901939e-07, 5.745091266098879e-06, -1.7113414320080167e-08, 8.705080071093641e-07, 2.2829475655964598e-07, -8.036310814357017e-07, 2.3345515773017314e-06, -7.611177125531228e-08, 0.0, 0.0, 0.0, 0.0, 0.0, 0.0, 0.0, 0.0, 0.0, 0.0, 0.0, 0.0, 0.0, 0.0], [-2.378240032481599e-07, 0.0001588653042045382, -7.50280885818333e-05, -4.761823668901939e-07, 0.0001494390395830015, -0.0033673145338553503, 2.2595133507409422e-05, -0.0004326622275567676, -2.5558579873984398e-06, 0.0004475521613717551, -0.002007015139551289, 9.563882669238376e-06, 0.0, 0.0, 0.0, 0.0, 0.0, 0.0, 0.0, 0.0, 0.0, 0.0, 0.0, 0.0, 0.0, 0.0], [-7.34965112499954e-06, 0.005016059339028628, 0.005147514277104932, 5.745091266098879e-06, -0.0033673145338553503, 0.2771824015117669, -0.0005362262962097587, 0.03670900175160864, 4.887519938799857e-06, -0.00031582374670058224, 0.1625053507971611, -0.005187297882965967, 0.0, 0.0, 0.0, 0.0, 0.0, 0.0, 0.0, 0.0, 0.0, 0.0, 0.0, 0.0, 0.0, 0.0], [2.1871933063964365e-07, 2.3395435399898016e-05, -4.979115356310122e-06, -1.7113414320080167e-08, 2.2595133507409422e-05, -0.0005362262962097587, 6.101309492139889e-06, -8.50513689593378e-05, 8.216852026928438e-07, 9.270117392323683e-05, -0.0003422976616633245, -1.6277741424011331e-06, 0.0, 0.0, 0.0, 0.0, 0.0, 0.0, 0.0, 0.0, 0.0, 0.0, 0.0, 0.0, 0.0, 0.0], [-2.471263436581235e-06, 0.0008810681200713301, -4.2269029442451676e-05, 8.705080071093641e-07, -0.0004326622275567676, 0.03670900175160864, -8.50513689593378e-05, 0.008209475320797226, -8.725481487179912e-06, 0.0014926830085131792, 0.030427442191912433, -0.001074951458512296, 0.0, 0.0, 0.0, 0.0, 0.0, 0.0, 0.0, 0.0, 0.0, 0.0, 0.0, 0.0, 0.0, 0.0], [6.751012319447912e-07, -4.794718494033531e-06, 9.331769511752857e-06, 2.2829475655964598e-07, -2.5558579873984398e-06, 4.887519938799857e-06, 8.216852026928438e-07, -8.725481487179912e-06, 2.2949312656943087e-06, -1.97832685793223e-05, 6.039104046443771e-06, -1.3630149185875449e-07, 0.0, 0.0, 0.0, 0.0, 0.0, 0.0, 0.0, 0.0, 0.0, 0.0, 0.0, 0.0, 0.0, 0.0], [-7.725125426850555e-06, 0.0015466581617121192, -0.00039330381200858983, -8.036310814357017e-07, 0.0004475521613717551, -0.00031582374670058224, 9.270117392323683e-05, 0.0014926830085131792, -1.97832685793223e-05, 0.004451377194745686, -0.011014031101196059, -0.00045374350698832626, 0.0, 0.0, 0.0, 0.0, 0.0, 0.0, 0.0, 0.0, 0.0, 0.0, 0.0, 0.0, 0.0, 0.0], [4.0491699581621287e-07, 0.0016958022029400534, 0.00844874207912745, 2.3345515773017314e-06, -0.002007015139551289, 0.1625053507971611, -0.0003422976616633245, 0.030427442191912433, 6.039104046443771e-06, -0.011014031101196059, 0.9195736662419902, -0.0039008959586683137, 0.0, 0.0, 0.0, 0.0, 0.0, 0.0, 0.0, 0.0, 0.0, 0.0, 0.0, 0.0, 0.0, 0.0], [-3.949766189796259e-08, -0.00024230306347084547, -0.0005347174022320509, -7.611177125531228e-08, 9.563882669238376e-06, -0.005187297882965967, -1.6277741424011331e-06, -0.001074951458512296, -1.3630149185875449e-07, -0.00045374350698832626, -0.0039008959586683137, 0.00017981987784148392, 7.133353632942708e-21, -4.479839624552772e-20, 5.024635869470814e-19, 3.400943374711833e-21, -2.962532962312121e-20, 4.1074159085423974e-19, -6.00784603035968e-21, 8.197526004182261e-20, 4.88664228725022e-19, 1.41528833844661e-20, -1.1313865782026408e-19, 2.823999225196735e-19, -9.107915412822898e-22, 1.5264131715395184e-21], [0.0, 0.0, 0.0, 0.0, 0.0, 0.0, 0.0, 0.0, 0.0, 0.0, 0.0, 7.133353632942708e-21, 1.0451412889995698e-06, -2.3571861353132034e-05, -0.00011799556608216665, 6.04373532470657e-08, -8.015713622394391e-07, 4.0083206075917184e-05, 3.484941949869175e-08, 5.063267175147263e-06, -8.359287927842043e-05, 5.857926778173131e-07, -1.0085806373771964e-05, 1.9461874735782264e-05, -2.2268222561681427e-08, -5.0574714925503525e-08], [0.0, 0.0, 0.0, 0.0, 0.0, 0.0, 0.0, 0.0, 0.0, 0.0, 0.0, -4.479839624552772e-20, -2.3571861353132034e-05, 0.0009398703739582079, 0.0038213034046849347, 1.0300185678653992e-06, 3.043723242148632e-05, -0.0018120462269363058, 4.945345781434019e-06, -0.0003184959827023544, 0.004168004334025248, -2.1003332636613283e-06, 0.0003651011662419955, -0.001039730002295016, -1.3636169479036625e-07, 2.8299565661497383e-06], [0.0, 0.0, 0.0, 0.0, 0.0, 0.0, 0.0, 0.0, 0.0, 0.0, 0.0, 5.024635869470814e-19, -0.00011799556608216665, 0.0038213034046849347, 0.046724890027913024, 4.6716497588613315e-06, -5.516959531493946e-06, -0.005297560646349626, -6.0864121780050927e-05, 0.003610609655515643, -0.05257099094920629, -3.638761424507158e-05, 0.002341779290147103, -0.007147877649378076, -5.656680406250503e-08, -5.1636557942817915e-06], [0.0, 0.0, 0.0, 0.0, 0.0, 0.0, 0.0, 0.0, 0.0, 0.0, 0.0, 3.400943374711833e-21, 6.04373532470657e-08, 1.0300185678653992e-06, 4.6716497588613315e-06, 4.662699840136138e-08, -5.051513169708712e-08, -3.5253225126632776e-07, 7.64405946264723e-09, -6.953122026232722e-07, 9.572322400591949e-06, 2.0444429634170706e-07, -9.012139230849629e-08, -2.2922623154636466e-06, -1.0811187744744782e-08, 3.616368234544885e-08], [0.0, 0.0, 0.0, 0.0, 0.0, 0.0, 0.0, 0.0, 0.0, 0.0, 0.0, -2.962532962312121e-20, -8.015713622394391e-07, 3.043723242148632e-05, -5.516959531493946e-06, -5.051513169708712e-08, 2.1338862746811236e-05, -0.0003547662082443207, 1.5141043894489708e-06, 2.288302493255549e-05, -0.0008128790106528805, -1.1865073613373587e-06, 8.004577037992054e-05, -0.00023290783230564378, 9.917782226929222e-09, -1.05931258750035e-06], [0.0, 0.0, 0.0, 0.0, 0.0, 0.0, 0.0, 0.0, 0.0, 0.0, 0.0, 4.1074159085423974e-19, 4.0083206075917184e-05, -0.0018120462269363058, -0.005297560646349626, -3.5253225126632776e-07, -0.0003547662082443207, 0.014860039782030267, 1.3758530775684198e-06, -0.001084451763696708, 0.019865462843417007, 3.1159422731461406e-05, -0.0019530753121086483, 0.006832142366947793, -6.285959681475447e-07, -3.486833571749184e-05], [0.0, 0.0, 0.0, 0.0, 0.0, 0.0, 0.0, 0.0, 0.0, 0.0, 0.0, -6.00784603035968e-21, 3.484941949869175e-08, 4.945345781434019e-06, -6.0864121780050927e-05, 7.64405946264723e-09, 1.5141043894489708e-06, 1.3758530775684198e-06, 8.772483495951768e-07, -1.9897790827698638e-05, 7.828513055033756e-05, 2.701159545031655e-07, 5.396772670083035e-06, -3.300916723858642e-05, -1.1999335497454074e-08, -1.857672603454892e-08], [0.0, 0.0, 0.0, 0.0, 0.0, 0.0, 0.0, 0.0, 0.0, 0.0, 0.0, 8.197526004182261e-20, 5.063267175147263e-06, -0.0003184959827023544, 0.003610609655515643, -6.953122026232722e-07, 2.288302493255549e-05, -0.001084451763696708, -1.9897790827698638e-05, 0.0012809043478988731, -0.01726507884587917, -1.0468387107366057e-05, 0.00024009391403907352, -0.0007109945163480081, 3.3034946638422305e-07, -3.694510541683131e-06], [0.0, 0.0, 0.0, 0.0, 0.0, 0.0, 0.0, 0.0, 0.0, 0.0, 0.0, 4.88664228725022e-19, -8.359287927842043e-05, 0.004168004334025248, -0.05257099094920629, 9.572322400591949e-06, -0.0008128790106528805, 0.019865462843417007, 7.828513055033756e-05, -0.01726507884587917, 0.3183201051274511, 0.00010102841758827319, -0.006103136343939462, 0.02952237376587548, -2.7186371025189146e-06, -6.778637631623564e-05], [0.0, 0.0, 0.0, 0.0, 0.0, 0.0, 0.0, 0.0, 0.0, 0.0, 0.0, 1.41528833844661e-20, 5.857926778173131e-07, -2.1003332636613283e-06, -3.638761424507158e-05, 2.0444429634170706e-07, -1.1865073613373587e-06, 3.1159422731461406e-05, 2.701159545031655e-07, -1.0468387107366057e-05, 0.00010102841758827319, 1.9116407515122137e-06, -2.4857489799660418e-05, 2.467226734342312e-05, -5.339740682303348e-08, 4.913126533883304e-07], [0.0, 0.0, 0.0, 0.0, 0.0, 0.0, 0.0, 0.0, 0.0, 0.0, 0.0, -1.1313865782026408e-19, -1.0085806373771964e-05, 0.0003651011662419955, 0.002341779290147103, -9.012139230849629e-08, 8.004577037992054e-05, -0.0019530753121086483, 5.396772670083035e-06, 0.00024009391403907352, -0.006103136343939462, -2.4857489799660418e-05, 0.001854971227665586, -0.01599757449617723, 4.607269512173874e-08, 2.1713562289819332e-06], [0.0, 0.0, 0.0, 0.0, 0.0, 0.0, 0.0, 0.0, 0.0, 0.0, 0.0, 2.823999225196735e-19, 1.9461874735782264e-05, -0.001039730002295016, -0.007147877649378076, -2.2922623154636466e-06, -0.00023290783230564378, 0.006832142366947793, -3.300916723858642e-05, -0.0007109945163480081, 0.02952237376587548, 2.467226734342312e-05, -0.01599757449617723, 0.806455013598343, 5.443032444322416e-07, 0.00012661730527137915], [0.0, 0.0, 0.0, 0.0, 0.0, 0.0, 0.0, 0.0, 0.0, 0.0, 0.0, -9.107915412822898e-22, -2.2268222561681427e-08, -1.3636169479036625e-07, -5.656680406250503e-08, -1.0811187744744782e-08, 9.917782226929222e-09, -6.285959681475447e-07, -1.1999335497454074e-08, 3.3034946638422305e-07, -2.7186371025189146e-06, -5.339740682303348e-08, 4.607269512173874e-08, 5.443032444322416e-07, 3.295343661960419e-09, -1.9513843408944364e-09], [0.0, 0.0, 0.0, 0.0, 0.0, 0.0, 0.0, 0.0, 0.0, 0.0, 0.0, 1.5264131715395184e-21, -5.0574714925503525e-08, 2.8299565661497383e-06, -5.1636557942817915e-06, 3.616368234544885e-08, -1.05931258750035e-06, -3.486833571749184e-05, -1.857672603454892e-08, -3.694510541683131e-06, -6.778637631623564e-05, 4.913126533883304e-07, 2.1713562289819332e-06, 0.00012661730527137915, -1.9513843408944364e-09, 1.6640118211904343e-06]], [], []]]}